chrX	130391295	130391295	130391307	12	7	7	27	20	0	4	28.495	24.205	7	7	27	20	0	4	5027:5070	5964:5974	5720:6012	5090:5260	not_transduction	0	0	0	0	27	0	20	Not-3mer-Inversion	two_side_tprt_both	one_end_consistent	hit_end_of_consensus	8	0	7	9	56	2	0	3:15:16:20:28:64:74:74	922	not_in_LINE1_copy	130391251	130391351
chrX	77191412	77191396	77191412	16	5	9	16	8	5	0	27.36	20.32	5	9	16	8	5	0	6093:6096	2774:2812	2835:3109	5841:6045	not_transduction	0	0	0	16	0	8	0	Not-3mer-Inversion	two_side_tprt_both	both_end_consistent	hit_end_of_consensus	12	0	12	12	44	2	0	3:3:3:12:19:19:34:47:50:66:67:71	3210	Fall_in_LINE1_copy_17.5	77191354	77191454
chrX	99009304	99009291	99009304	13	7	8	20	20	0	6	23.25	25.26	7	8	20	20	0	6	3896:3917	6019:6037	5615:6033	3552:3920	not_transduction	0	0	0	0	20	20	0	3mer-Inversion	two_side_tprt_both	both_end_consistent	hit_end_of_consensus	13	0	10	13	46	6	1	2:6:13:15:19:19:26:34:40:71:80:83:90	2481	not_in_LINE1_copy	99009247	99009347
chrX	112314521	112314521	112314530	9	7	5	13	7	0	5	14.095	17.02	7	5	13	7	0	5	40:68	6008:6019	5761:6019	78:310	not_transduction	0	0	0	0	13	0	7	Not-3mer-Inversion	two_side_tprt_both	both_end_consistent	hit_end_of_consensus	8	0	10	7	25	4	0	62:69:60:41:48:67:58:63	5941	not_in_LINE1_copy	112314475	112314575
chrX	123531021	123531005	123531021	16	8	10	15	17	2	9	21.055	22.825	8	10	15	17	2	9	4357:4383	6017:6027	5588:6038	4411:4619	not_transduction	0	0	0	0	15	0	17	Not-3mer-Inversion	two_side_tprt_both	one_end_consistent	hit_end_of_consensus	12	0	12	11	37	6	0	3:20:12:7:22:27:38:17:17:15:66:63	1627	Fall_in_LINE1_copy_9.1	123530963	123531063
chr13	85766017	85766017	85766014	3	8	7	19	13	0	5	49.105	41.85	8	7	19	13	0	5	5391:5429	6005:6017	5767:6009	5450:5592	not_transduction	0	0	0	0	19	0	13	Not-3mer-Inversion	two_side_tprt_both	both_end_consistent	hit_end_of_consensus	10	17	12	9	43	60	0	17:37:36:47:9:4:54:16:16:30	559	not_in_LINE1_copy	85765965	85766065
chr13	21915651	21915651	21915666	15	8	6	8	14	8	0	40.84	52.465	8	6	8	14	8	0	5966:5973	5894:5911	5945:5973	5914:5999	not_transduction	0	0	0	8	0	14	0	Not-3mer-Inversion	two_side_tprt_both	both_end_consistent	hit_end_of_consensus	10	15	15	7	34	69	0	18:21:68:48:70:31:21:75:22:6	54	not_in_LINE1_copy	21915608	21915708
chr13	85297466	85297466	85297473	7	29	13	33	51	4	12	40.73	61.99	29	13	33	51	4	12	5301:5363	6014:6028	5618:6053	5364:5680	not_transduction	0	0	0	0	33	0	51	Not-3mer-Inversion	two_side_tprt_both	both_end_consistent	hit_end_of_consensus	32	1	36	25	104	10	0	31:70:11:9:68:12:28:28:49:44:57:31:10:5:51:52:18:22:72:6:68:71:30:28:18:70:70:51:60:23:41:23	62	not_in_LINE1_copy	85297419	85297519
chr13	78685658	78685652	78685658	6	16	17	28	30	7	15	42.355	40.85	16	17	28	30	7	15	4198:4248	6036:6054	5565:6025	4259:4697	not_transduction	0	0	0	0	28	0	30	Not-3mer-Inversion	two_side_tprt_both	both_end_consistent	hit_end_of_consensus	26	0	18	27	78	6	0	2:10:11:19:19:25:26:27:27:28:34:42:43:38:38:17:46:55:60:61:63:66:72:79:100:112	1766	not_in_LINE1_copy	78685605	78685705
chr13	103643872	103643872	103643888	16	21	9	27	36	3	8	52.04	43.45	21	9	27	36	3	8	5075:5125	6017:6018	5748:6043	5132:5323	not_transduction	0	0	0	0	27	0	36	Not-3mer-Inversion	two_side_tprt_both	one_end_consistent	hit_end_of_consensus	29	0	27	32	79	6	0	2:3:5:13:15:17:18:18:18:19:22:29:32:34:35:41:41:42:32:45:35:50:60:74:69:76:84:86:87	911	Fall_in_LINE1_copy_17.8	103643830	103643930
chr13	42197267	42197257	42197267	10	16	25	21	33	16	1	46.57	42.075	16	25	21	33	16	1	5970:6018	5677:5731	5741:5970	5740:6095	not_transduction	0	0	0	21	0	33	0	Not-3mer-Inversion	two_side_tprt_both	both_end_consistent	hit_end_of_consensus	27	0	24	34	81	10	0	3:8:10:10:12:12:13:13:16:21:23:24:24:29:31:33:38:42:45:45:48:54:56:57:64:64:77	354	not_in_LINE1_copy	42197212	42197312
chr12	117749136	117749120	117749136	16	4	9	16	10	4	0	47.455	41.93	4	9	16	10	4	0	6007:6015	2305:2322	2360:2707	5768:6027	not_transduction	0	0	0	16	0	10	0	Not-3mer-Inversion	two_side_tprt_both	one_end_consistent	hit_end_of_consensus	11	16	12	13	41	64	0	21:29:6:87:35:85:9:102:70:6:50	3667	not_in_LINE1_copy	117749078	117749178
chr12	28073494	28073479	28073494	15	19	22	15	36	0	17	45.88	45.945	19	22	15	36	0	17	17:71	5997:6023	5708:5978	77:416	not_transduction	0	0	0	0	15	0	36	Not-3mer-Inversion	two_side_tprt_both	both_end_consistent	hit_end_of_consensus	27	0	24	30	65	10	0	4:8:9:10:14:16:20:26:26:29:29:31:32:34:37:38:41:42:44:49:54:56:68:73:75:82:95	5901	Fall_in_LINE1_copy_15.3	28073436	28073536
chr12	125067027	125067027	125067031	4	9	7	14	7	0	6	30.43	39.415	9	7	14	7	0	6	5752:5770	6019:6034	5779:6048	5779:5953	not_transduction	0	0	0	0	14	0	7	Not-3mer-Inversion	two_side_tprt_both	one_end_consistent	hit_end_of_consensus	13	5	9	14	37	38	0	2:7:10:26:20:39:28:29:58:60:61:79:83	174	not_in_LINE1_copy	125066979	125067079
chr12	14182425	14182425	14182473	48	4	1	2	5	4	1	36.345	49.565	4	1	2	5	4	1	6017:6018	5182:5182	5321:5953	5870:6026	not_transduction	0	0	0	2	0	5	0	Not-3mer-Inversion	two_side_tprt_both	one_end_consistent	hit_end_of_consensus	6	0	16	11	23	82	3	9:18:47:68:17:25	705	Fall_in_LINE1_copy_0.0	14182399	14182499
chr12	128866235	128866235	128866250	15	7	1	0	9	2	1	34.725	34.255	7	1	0	9	2	1	5756:5787	6091:6091	-1:-1	5815:6001	not_transduction	0	0	0	0	0	0	9	3mer-Inversion	one_half_side_tprt_both	one_end_consistent	hit_end_of_consensus	7	9	9	10	41	47	0	21:45:26:38:13:33:71	305	not_in_LINE1_copy	128866192	128866292
chr12	85112512	85112497	85112512	15	11	14	26	12	11	0	47.435	36.875	11	14	26	12	11	0	6016:6027	5334:5373	5377:5614	5645:6052	not_transduction	0	0	0	26	0	12	0	Not-3mer-Inversion	two_side_tprt_both	both_end_consistent	hit_end_of_consensus	15	8	11	18	51	56	0	11:11:13:32:46:44:50:53:54:58:65:67:69:71:71	675	not_in_LINE1_copy	85112454	85112554
chr12	126170693	126170681	126170693	12	5	8	7	8	5	0	44.245	46.38	5	8	7	8	5	0	6017:6018	5932:5948	5984:6094	5984:6073	not_transduction	0	0	0	7	0	8	0	Not-3mer-Inversion	two_side_tprt_both	both_end_consistent	hit_end_of_consensus	10	10	9	10	28	78	0	4:24:23:26:26:36:37:39:59:67	89	not_in_LINE1_copy	126170637	126170737
chr12	42863182	42863169	42863182	13	8	10	15	12	4	5	45.78	36.25	8	10	15	12	4	5	4914:4960	6000:6018	5819:5995	4956:5202	not_transduction	0	0	0	0	15	0	12	Not-3mer-Inversion	two_side_tprt_both	both_end_consistent	hit_end_of_consensus	14	9	11	16	32	53	0	18:20:22:23:25:39:39:41:57:61:61:61:103:103	1039	Fall_in_LINE1_copy_30.2	42863125	42863225
chr12	84571369	84571353	84571369	16	2	5	16	14	2	0	53.735	44.345	2	5	16	14	2	0	6017:6023	5192:5206	5206:5357	5733:6004	not_transduction	0	0	0	16	0	14	0	Not-3mer-Inversion	two_side_tprt_both	one_end_consistent	hit_end_of_consensus	15	20	17	6	46	78	0	50:54:29:33:22:48:44:109:109:78:15:33:98:101:79	798	not_in_LINE1_copy	84571311	84571411
chr12	70626254	70626254	70626265	11	5	4	13	7	5	0	43.06	48.53	5	4	13	7	5	0	6010:6012	51:63	76:380	5819:5995	not_transduction	0	0	0	13	0	7	0	Not-3mer-Inversion	two_side_tprt_both	one_end_consistent	hit_end_of_consensus	5	9	11	10	27	74	4	6:24:52:55:61	5919	not_in_LINE1_copy	70626209	70626309
chr12	46975847	46975842	46975847	5	9	11	9	11	9	0	38.87	36.28	9	11	9	11	9	0	6016:6017	5039:5091	5095:5383	5781:6038	not_transduction	0	0	0	9	0	10	1	Not-3mer-Inversion	two_side_tprt_both	both_end_consistent	hit_end_of_consensus	13	5	18	14	40	44	0	6:7:18:19:20:31:34:38:39:42:57:67:70	943	Fall_in_LINE1_copy_8.0	46975794	46975894
chr12	33172859	33172859	33172868	9	14	5	12	25	0	4	50.825	66.07	14	5	12	25	0	4	12:63	6000:6019	5865:6016	75:373	not_transduction	0	0	0	0	12	0	25	Not-3mer-Inversion	two_side_tprt_both	both_end_consistent	hit_end_of_consensus	16	18	18	9	48	84	0	59:63:12:22:22:18:34:49:6:6:41:36:36:20:38:51	5941	not_in_LINE1_copy	33172813	33172913
chr11	58404376	58404364	58404376	12	4	9	15	4	4	0	46.23	34.125	4	9	15	4	4	0	6000:6009	4584:4617	4620:4907	5924:6002	not_transduction	0	0	0	15	0	4	0	Not-3mer-Inversion	two_side_tprt_both	both_end_consistent	hit_end_of_consensus	10	5	6	10	29	50	0	5:36:37:37:37:42:57:61:64:69	1382	not_in_LINE1_copy	58404320	58404420
chr11	48734299	48734294	48734299	5	3	7	14	8	3	0	41.61	37.335	3	7	14	8	3	0	6006:6018	5715:5731	5769:5974	5864:6024	not_transduction	0	0	0	14	0	8	0	Not-3mer-Inversion	two_side_tprt_both	both_end_consistent	hit_end_of_consensus	9	5	7	11	37	45	0	6:16:18:18:19:23:25:32:32	255	Fall_in_LINE1_copy_7.0	48734246	48734346
chr11	26396991	26396991	26396994	3	9	4	9	14	9	0	35.795	33.125	9	4	9	14	9	0	5988:6001	5243:5251	5299:5526	5747:6028	not_transduction	0	0	0	9	0	14	0	Not-3mer-Inversion	two_side_tprt_both	both_end_consistent	hit_end_of_consensus	16	9	16	5	30	52	0	40:50:8:45:6:51:3:46:46:97:5:112:53:9:63:63	729	Fall_in_LINE1_copy_6.7	26396942	26397042
chr11	134435753	134435753	134435745	8	19	19	32	21	6	8	39.975	44.74	19	19	32	21	6	8	5734:5766	5959:6017	5798:6021	5796:6006	not_transduction	0	0	0	0	32	0	21	Not-3mer-Inversion	two_side_tprt_both	one_end_consistent	hit_end_of_consensus	23	0	21	25	85	0	0	6:14:21:23:26:30:32:34:35:38:44:44:44:46:51:56:59:77:80:80:81:83:90	208	not_in_LINE1_copy	134435699	134435799
chr11	128352363	128352363	128352375	12	13	2	16	12	0	2	35.73	52.95	13	2	16	12	0	2	22:72	6019:6019	5870:6093	78:503	not_transduction	0	0	0	0	16	0	12	Not-3mer-Inversion	two_side_tprt_both	both_end_consistent	hit_end_of_consensus	14	19	16	5	36	69	0	60:19:5:42:36:37:24:57:61:69:69:61:50:51	6015	not_in_LINE1_copy	128352319	128352419
chr11	41848310	41848310	41848324	14	12	3	13	14	12	2	45.905	43.91	12	3	13	14	12	2	6079:6109	3026:3026	2947:3061	5662:6031	not_transduction	0	0	0	1	12	14	0	3mer-Inversion	two_side_tprt_both	both_end_consistent	hit_end_of_consensus	13	18	13	5	33	64	0	17:16:68:13:52:11:32:35:73:30:92:84:32	3084	not_in_LINE1_copy	41848267	41848367
chr10	61245209	61245192	61245209	17	3	5	13	2	3	0	36.805	42.255	3	5	13	2	3	0	6088:6104	16:46	75:376	6043:6083	not_transduction	0	0	0	13	0	2	0	Not-3mer-Inversion	two_side_tprt_both	one_end_consistent	hit_end_of_consensus	12	18	15	10	35	60	0	64:2:4:9:51:104:106:74:62:36:49:28	6008	not_in_LINE1_copy	61245150	61245250
chr10	25418757	25418757	25418771	14	15	11	38	32	0	5	48.38	42.405	15	11	38	32	0	5	10:72	5991:6019	5706:6021	78:262	not_transduction	0	0	0	0	38	0	32	Not-3mer-Inversion	two_side_tprt_both	one_end_consistent	hit_end_of_consensus	19	0	19	19	83	4	0	5:6:7:13:13:22:23:36:25:42:42:47:50:51:56:74:77:84:105	5943	not_in_LINE1_copy	25418714	25418814
chr10	4795730	4795714	4795730	16	2	6	15	9	2	0	43.565	44.98	2	6	15	9	2	0	5999:5999	1838:1851	1879:2033	5757:5942	not_transduction	0	0	0	14	1	9	0	Not-3mer-Inversion	two_side_tprt_both	one_end_consistent	hit_end_of_consensus	13	10	15	10	37	58	1	44:50:2:8:73:41:6:4:83:59:18:76:76	4063	Fall_in_LINE1_copy_7.3	4795672	4795772
chr10	67576901	67576901	-1	-1	2	0	10	5	2	0	8.44	27.28	2	0	10	5	2	0	5700:5703	-1:-1	5663:5807	5726:5787	not_transduction	0	0	0	0	10	0	5	Not-3mer-Inversion	one_half_side_tprt	one_end_consistent	not_hit_end_of_consensus	4	1	4	2	21	16	0	2:17:2:14	124	Fall_in_LINE1_copy_15.4	67576851	67576951
chr10	108693712	108693708	108693712	4	6	9	18	7	6	0	35.05	30.65	6	9	18	7	6	0	6079:6099	5240:5265	5288:5532	5654:6007	not_transduction	0	0	0	18	0	7	0	Not-3mer-Inversion	two_side_tprt_both	both_end_consistent	hit_end_of_consensus	10	8	9	11	37	48	0	23:31:32:42:42:48:48:49:51:56	719	Fall_in_LINE1_copy_11.1	108693660	108693760
chr10	23553112	23553112	23553129	17	10	3	10	28	0	3	40.705	54.27	10	3	10	28	0	3	2676:2716	6017:6019	5629:6026	2723:2977	not_transduction	0	0	0	0	10	0	28	Not-3mer-Inversion	two_side_tprt_both	one_end_consistent	hit_end_of_consensus	13	8	15	13	53	70	0	3:8:8:17:18:19:21:21:37:37:50:57:66	3303	Fall_in_LINE1_copy_27.8	23553070	23553170
chr10	57749104	57749104	57749104	0	7	7	21	20	7	0	39.825	43.035	7	7	21	20	7	0	6066:6071	4717:4754	4764:5419	5735:6044	not_transduction	0	0	0	19	2	19	1	Not-3mer-Inversion	two_side_tprt	both_end_consistent	hit_end_of_consensus	9	5	8	10	54	50	0	3:3:28:32:45:54:56:63:65	1280	Fall_in_LINE1_copy_9.4	57749054	57749154
chr17	34486627	34486589	34486627	38	3	5	25	13	3	4	51.165	33.105	3	5	25	13	3	4	6079:6089	5188:5206	5072:5353	5832:6060	not_transduction	0	0	0	1	24	13	0	3mer-Inversion	two_side_tprt_both	one_end_consistent	hit_end_of_consensus	7	1	12	10	53	42	10	34:59:39:39:15:65:63	988	not_in_LINE1_copy	34486558	34486658
chr17	30071290	30071294	30071290	4	11	13	23	22	10	0	43.45	53.84	11	13	23	22	10	0	5971:6007	4827:4895	4891:5140	5684:6032	not_transduction	0	0	0	23	0	22	0	Not-3mer-Inversion	two_side_tprt_both	both_end_consistent	hit_end_of_consensus	14	7	14	17	58	61	0	6:11:20:34:43:47:54:63:64:68:68:71:74:79	1141	Fall_in_LINE1_copy_13.8	30071242	30071342
chr16	76359482	76359477	76359482	5	4	13	16	21	1	10	61.16	57.77	4	13	16	21	1	10	5234:5235	5983:6019	5762:6010	5282:5604	not_transduction	0	0	0	0	16	0	21	Not-3mer-Inversion	two_side_tprt_both	both_end_consistent	hit_end_of_consensus	17	19	12	21	46	76	0	3:5:19:21:21:24:28:35:35:35:36:51:59:57:64:75:82	728	not_in_LINE1_copy	76359429	76359529
chr16	27414619	27414605	27414619	14	5	8	18	10	0	4	51.89	45.58	5	8	18	10	0	4	33:34	5967:6001	5774:6002	78:376	not_transduction	0	0	0	0	18	0	10	Not-3mer-Inversion	two_side_tprt_both	both_end_consistent	hit_end_of_consensus	11	10	11	13	40	66	2	12:12:16:25:25:32:45:48:56:63:69	5924	Fall_in_LINE1_copy_23.8	27414562	27414662
chr15	35361929	35361929	35361943	14	11	6	12	11	0	6	36.905	30.38	11	6	12	11	0	6	11:66	6014:6019	5815:6093	75:262	not_transduction	0	0	0	0	12	0	11	Not-3mer-Inversion	two_side_tprt_both	both_end_consistent	hit_end_of_consensus	11	11	12	7	29	52	0	55:17:12:49:31:67:62:53:31:40:33	6018	Fall_in_LINE1_copy_27.1	35361886	35361986
chr15	55958954	55958936	55958954	18	3	10	20	5	3	0	44.25	39.6	3	10	20	5	3	0	6017:6018	17:56	76:329	5950:6038	not_transduction	0	0	0	20	0	5	0	Not-3mer-Inversion	two_side_tprt_both	both_end_consistent	hit_end_of_consensus	13	1	5	14	37	58	0	2:6:8:9:16:24:32:33:42:42:49:55:73	5962	Fall_in_LINE1_copy_26.6	55958895	55958995
chr15	81135249	81135249	81135263	14	10	7	15	18	0	7	38.865	43.835	10	7	15	18	0	7	15:43	6019:6027	5798:6094	87:318	not_transduction	0	0	0	1	14	0	18	Not-3mer-Inversion	two_side_tprt_both	one_end_consistent	hit_end_of_consensus	11	16	12	9	46	58	0	28:8:8:31:71:71:13:34:32:23:43	6007	not_in_LINE1_copy	81135206	81135306
chr15	61463991	61463976	61463991	15	7	11	11	15	7	0	44.395	36.685	7	11	11	15	7	0	5991:6001	48:64	76:306	5741:6021	not_transduction	0	0	0	11	0	15	0	Not-3mer-Inversion	two_side_tprt_both	both_end_consistent	hit_end_of_consensus	12	5	13	13	35	50	0	12:17:18:18:30:16:47:49:52:55:58:63	5945	not_in_LINE1_copy	61463933	61464033
chr14	85915456	85915456	85915466	10	13	4	20	15	0	4	51.635	49.315	13	4	20	15	0	4	362:381	6008:6025	5762:6093	390:641	not_transduction	0	0	0	0	20	0	15	Not-3mer-Inversion	two_side_tprt_both	one_end_consistent	hit_end_of_consensus	15	15	16	9	47	72	0	61:49:3:45:8:60:60:55:17:20:54:21:6:45:46	5703	Fall_in_LINE1_copy_15.4	85915411	85915511
chr14	36205544	36205544	36205554	10	21	10	15	24	21	0	38.16	40.725	21	10	15	24	21	0	6035:6098	5894:5913	5944:6023	5912:6032	not_transduction	0	0	0	15	0	24	0	Not-3mer-Inversion	two_side_tprt_both	one_end_consistent	hit_end_of_consensus	20	0	23	16	71	8	0	9:50:26:55:12:6:7:36:42:33:82:66:35:60:56:33:33:6:103:7	88	not_in_LINE1_copy	36205499	36205599
chr14	68317527	68317509	68317527	18	7	14	24	22	7	0	56.765	46.58	7	14	24	22	7	0	6000:6018	32:74	77:318	5652:6003	not_transduction	0	0	0	24	0	22	0	Not-3mer-Inversion	two_side_tprt_both	both_end_consistent	hit_end_of_consensus	15	7	12	17	55	58	11	4:12:32:37:41:48:57:57:57:58:60:63:64:69:74	5926	not_in_LINE1_copy	68317468	68317568
chr14	52201040	52201040	52201048	8	17	8	2	28	0	8	37.22	38.78	17	8	2	28	0	8	22:73	6079:6082	5491:5520	75:361	not_transduction	0	0	0	2	0	0	28	3mer-Inversion	two_side_tprt_both	one_end_consistent	hit_end_of_consensus	14	0	19	15	76	2	0	12:14:18:18:20:25:31:35:54:56:67:71:72:112	5445	not_in_LINE1_copy	52200994	52201094
chr14	66953164	66953146	66953164	18	9	10	12	19	0	10	44.455	43.86	9	10	12	19	0	10	17:52	6018:6058	5779:6032	78:334	not_transduction	0	0	0	0	12	0	19	Not-3mer-Inversion	two_side_tprt_both	both_end_consistent	hit_end_of_consensus	13	10	13	16	51	52	0	2:5:13:26:32:43:49:60:60:62:68:68:75	5954	Fall_in_LINE1_copy_17.9	66953105	66953205
chr14	27832045	27832045	27832055	10	16	10	34	24	16	0	49.515	43.465	16	10	34	24	16	0	6017:6031	5624:5660	5679:5983	5741:5994	not_transduction	0	0	0	34	0	24	0	Not-3mer-Inversion	two_side_tprt_both	both_end_consistent	hit_end_of_consensus	21	1	21	21	73	8	0	75:3:47:26:33:20:24:14:34:10:52:67:8:31:25:57:18:15:66:62:11	315	not_in_LINE1_copy	27832000	27832100
chr18	29639235	29639221	29639235	14	3	7	15	11	0	6	41.585	45.81	3	7	15	11	0	6	5027:5041	6006:6019	5862:6005	4945:5076	not_transduction	0	0	0	0	15	11	0	3mer-Inversion	two_side_tprt_both	both_end_consistent	hit_end_of_consensus	9	11	12	10	47	64	0	21:31:43:24:49:51:21:19:18	1060	Fall_in_LINE1_copy_23.9	29639178	29639278
chr18	14890020	14890020	14890033	13	9	8	14	20	9	0	44.655	45.635	9	8	14	20	9	0	5984:6008	5236:5245	5304:5530	5774:6022	not_transduction	0	0	0	14	0	20	0	Not-3mer-Inversion	two_side_tprt_both	both_end_consistent	hit_end_of_consensus	12	10	12	13	49	40	0	38:57:5:62:61:16:106:45:74:15:15:16	718	not_in_LINE1_copy	14889976	14890076
chr18	77248114	77248111	77248114	3	6	7	15	9	0	7	43.45	35.45	6	7	15	9	0	7	5661:5686	6017:6018	5689:6038	5689:6036	not_transduction	0	0	0	0	15	0	9	Not-3mer-Inversion	two_side_tprt_both	both_end_consistent	hit_end_of_consensus	13	7	10	15	33	65	9	23:26:26:29:34:38:44:53:59:59:62:68:93	347	Fall_in_LINE1_copy_25.2	77248062	77248162
chr18	76803325	76803325	76803331	6	12	9	20	18	0	8	48.31	44.92	12	9	20	18	0	8	5368:5408	6002:6019	5588:6020	5105:5401	not_transduction	0	0	0	0	20	18	0	3mer-Inversion	two_side_tprt_both	both_end_consistent	hit_end_of_consensus	14	15	16	11	48	54	0	21:61:12:77:52:40:40:63:75:37:42:42:11:55	915	not_in_LINE1_copy	76803278	76803378
chr22	22361254	22361241	22361254	13	12	25	38	39	12	0	54.17	45.5	12	25	38	39	12	0	5984:6017	11:74	75:288	5716:6022	not_transduction	0	0	0	38	0	39	0	Not-3mer-Inversion	two_side_tprt_both	both_end_consistent	hit_end_of_consensus	28	0	19	30	90	20	0	3:6:8:12:13:16:17:19:19:21:21:21:23:35:44:45:49:51:61:62:62:63:66:70:70:73:75:75	5947	Fall_in_LINE1_copy_11.8	22361197	22361297
chr22	22131986	22131975	22131986	11	6	14	39	25	0	8	48.86	51.76	6	14	39	25	0	8	37:46	5995:6014	5675:6003	78:357	not_transduction	0	0	0	0	39	0	25	Not-3mer-Inversion	two_side_tprt_both	one_end_consistent	hit_end_of_consensus	27	0	28	17	86	16	23	23:40:25:36:61:44:48:19:6:25:58:52:44:57:21:11:40:40:40:40:21:18:59:59:47:25:6	5925	not_in_LINE1_copy	22131930	22132030
chr20	16498849	16498849	16498858	9	10	9	14	9	2	5	45.83	36.115	10	9	14	9	2	5	5746:5799	5990:6017	5810:6010	5801:5987	not_transduction	0	0	0	0	14	0	9	Not-3mer-Inversion	two_side_tprt_both	one_end_consistent	hit_end_of_consensus	15	5	12	17	39	56	0	4:6:7:7:17:18:20:20:31:39:52:52:55:56:87	177	Fall_in_LINE1_copy_28.4	16498803	16498903
chr20	30637132	30637116	30637132	16	7	13	5	0	7	0	126.895	125.855	7	13	5	0	7	0	6067:6095	5440:5486	5235:5291	-1:-1	not_transduction	0	0	0	0	5	0	0	3mer-Inversion	one_half_side_tprt_both	one_end_consistent	hit_end_of_consensus	15	20	19	21	65	285	0	17:17:22:23:37:38:49:52:55:55:59:59:61:63:31	885	not_in_LINE1_copy	30637074	30637174
chr20	17880293	17880281	17880293	12	2	10	15	12	2	0	40.8	36.07	2	10	15	12	2	0	6013:6017	13:38	79:289	5740:6010	not_transduction	0	0	0	15	0	12	0	Not-3mer-Inversion	two_side_tprt_both	both_end_consistent	hit_end_of_consensus	13	11	8	18	41	60	0	3:8:11:23:24:32:33:34:36:54:54:56:65	5931	not_in_LINE1_copy	17880237	17880337
chr20	17124854	17124853	17124854	1	5	7	0	11	0	6	31.73	41.93	5	7	0	11	0	6	5713:5736	6017:6019	-1:-1	5776:5962	not_transduction	0	0	0	0	0	0	11	3mer-Inversion	one_half_side_tprt_both	one_end_consistent	hit_end_of_consensus	12	6	6	13	46	34	0	19:20:33:41:39:47:78:92:95:95:96:99	344	not_in_LINE1_copy	17124803	17124903
chr21	18144979	18144979	18144996	17	9	9	17	18	0	7	50.165	47.705	9	9	17	18	0	7	2662:2685	6007:6007	5744:6016	2722:2916	not_transduction	0	0	0	0	17	0	18	Not-3mer-Inversion	two_side_tprt_both	one_end_consistent	hit_end_of_consensus	10	7	10	12	47	58	0	6:10:14:18:29:29:29:45:65:67	3294	not_in_LINE1_copy	18144937	18145037
chr21	13017861	13017861	13017876	15	19	1	0	14	0	1	73.12	71.06	19	1	0	14	0	1	5615:5643	6039:6039	-1:-1	5671:5856	not_transduction	0	0	0	0	0	0	14	3mer-Inversion	one_half_side_tprt_both	one_end_consistent	hit_end_of_consensus	24	26	29	10	67	103	0	40:38:55:19:4:56:34:21:34:36:16:19:44:31:26:17:23:23:28:30:38:32:3:54	449	not_in_LINE1_copy	13017818	13017918
chr21	13002650	13002650	13002666	16	3	2	0	7	0	2	79.965	84.35	3	2	0	7	0	2	2505:2511	6099:6104	-1:-1	2384:2447	not_transduction	0	0	0	0	0	7	0	Not-3mer-Inversion	one_half_side_tprt_both	one_end_consistent	hit_end_of_consensus	7	22	8	11	31	161	0	2:3:13:14:11:71:71	3736	not_in_LINE1_copy	13002608	13002708
chr21	22253873	22253873	22253885	12	12	2	0	13	0	2	50.185	46.475	12	2	0	13	0	2	11:69	6016:6016	-1:-1	76:312	not_transduction	0	0	0	0	0	0	13	3mer-Inversion	one_half_side_tprt_both	one_end_consistent	hit_end_of_consensus	7	11	14	9	34	64	0	26:44:25:60:67:72:93	6044	not_in_LINE1_copy	22253829	22253929
chr7	108188819	108188804	108188819	15	11	23	31	25	11	0	41.63	47.56	11	23	31	25	11	0	5992:6000	31:72	77:558	5620:5988	not_transduction	0	0	0	31	0	25	0	Not-3mer-Inversion	two_side_tprt_both	one_end_consistent	hit_end_of_consensus	15	0	21	27	75	7	6	34:7:11:42:7:3:81:45:14:52:7:64:41:57:57	5911	not_in_LINE1_copy	108188761	108188861
chr7	108685216	108685216	108685234	18	15	4	14	22	15	1	37.49	49.305	15	4	14	22	15	1	5976:6018	4908:4944	4827:5129	5814:5995	not_transduction	0	0	0	1	13	22	0	3mer-Inversion	two_side_tprt_both	both_end_consistent	hit_end_of_consensus	19	1	23	8	54	42	0	33:10:20:32:12:10:55:22:46:22:22:31:31:101:20:29:84:64:5	1168	not_in_LINE1_copy	108685175	108685275
chr7	67126184	67126184	67126199	15	5	4	13	10	0	4	44.195	35.805	5	4	13	10	0	4	35:62	6074:6077	5856:6015	78:256	not_transduction	0	0	0	0	13	0	10	Not-3mer-Inversion	two_side_tprt_both	one_end_consistent	hit_end_of_consensus	15	6	7	16	36	52	0	5:8:10:10:14:25:25:35:38:51:53:53:54:61:63	5937	Fall_in_LINE1_copy_14.9	67126141	67126241
chr7	113871164	113871164	113871180	16	4	2	4	5	4	0	33.235	33.04	4	2	4	5	4	0	6017:6018	5564:5567	5397:5533	5759:6020	not_transduction	0	0	0	0	4	5	0	3mer-Inversion	two_side_tprt_both	both_end_consistent	hit_end_of_consensus	10	15	11	8	23	99	0	1:21:25:32:20:32:66:111:8:82	623	Fall_in_LINE1_copy_14.4	113871122	113871222
chr7	12685529	12685529	12685535	6	13	6	17	17	13	0	42.795	45.105	13	6	17	17	13	0	6054:6096	5052:5058	5110:5405	5701:6048	not_transduction	0	0	0	17	0	17	0	Not-3mer-Inversion	two_side_tprt_both	one_end_consistent	hit_end_of_consensus	14	16	15	7	44	58	0	6:20:28:12:46:15:24:69:32:50:50:56:37:57	938	not_in_LINE1_copy	12685482	12685582
chr7	153229018	153229018	153229034	16	15	5	11	11	15	0	40.39	42.235	15	5	11	11	15	0	5970:6015	5535:5538	5299:5535	5793:5987	not_transduction	0	0	0	0	11	11	0	3mer-Inversion	two_side_tprt_both	both_end_consistent	hit_end_of_consensus	16	14	16	10	30	48	4	29:12:7:38:39:21:66:43:32:23:72:58:35:7:46:50	688	Fall_in_LINE1_copy_11.7	153228976	153229076
chr7	63032569	63032551	63032569	18	14	15	22	25	15	0	47.005	46.665	14	15	22	25	15	0	6040:6064	4384:4446	4257:4428	5728:6078	not_transduction	0	0	0	2	20	25	0	3mer-Inversion	two_side_tprt_both	one_end_consistent	hit_end_of_consensus	17	12	18	18	62	50	0	19:48:31:30:34:57:72:90:93:61:99:79:33:76:76:76:78	1821	Fall_in_LINE1_copy_24.6	63032510	63032610
chr7	70723689	70723689	70723698	9	12	6	9	10	2	6	43.115	51.6	12	6	9	10	2	6	5692:5735	6089:6094	5762:5945	5745:5990	not_transduction	0	0	0	0	9	0	10	Not-3mer-Inversion	two_side_tprt_both	both_end_consistent	hit_end_of_consensus	12	13	12	11	35	56	0	31:55:61:43:63:44:34:60:45:47:48:20	228	not_in_LINE1_copy	70723643	70723743
chr7	64626169	64626122	64626169	47	1	9	10	0	0	9	80.17	35.015	1	9	10	0	0	9	2914:2914	6070:6078	5815:6000	-1:-1	not_transduction	0	0	0	10	0	0	0	Not-3mer-Inversion	one_half_side_tprt_both	one_end_consistent	hit_end_of_consensus	14	15	3	16	37	119	0	3:5:13:16:16:20:20:23:26:26:57:68:20:71	305	not_in_LINE1_copy	64626095	64626195
chr6	77270924	77270932	77270924	8	9	10	18	16	4	4	38.68	40.59	9	10	18	16	4	4	5238:5294	5968:5999	5697:5998	5304:5480	not_transduction	0	0	0	0	18	0	16	Not-3mer-Inversion	two_side_tprt_both	both_end_consistent	hit_end_of_consensus	11	4	12	13	44	42	0	16:20:27:40:43:47:62:62:72:74:88	694	not_in_LINE1_copy	77270878	77270978
chr6	6280564	6280564	6280580	16	9	6	13	14	0	6	42.48	48.48	9	6	13	14	0	6	21:60	6019:6020	5733:6048	78:455	not_transduction	0	0	0	0	13	0	14	Not-3mer-Inversion	two_side_tprt_both	one_end_consistent	hit_end_of_consensus	11	9	12	13	33	70	0	2:5:5:25:26:34:44:58:67:67:91	5970	not_in_LINE1_copy	6280522	6280622
chr6	46342569	46342557	46342569	12	11	12	12	14	11	2	46.575	38.995	11	12	12	14	11	2	6007:6017	4870:4929	4479:4857	5651:6014	not_transduction	0	0	0	0	12	14	0	3mer-Inversion	two_side_tprt_both	both_end_consistent	hit_end_of_consensus	14	6	14	17	34	56	0	6:11:23:37:47:49:49:50:54:70:70:70:75:75	1535	Fall_in_LINE1_copy_32.8	46342513	46342613
chr6	74225859	74225859	74225874	15	18	5	19	23	0	5	45.275	44.49	18	5	19	23	0	5	2637:2670	6018:6025	5784:6095	2376:2684	not_transduction	0	0	0	0	19	23	0	3mer-Inversion	two_side_tprt_both	both_end_consistent	hit_end_of_consensus	19	13	21	8	54	66	0	73:54:70:41:41:16:61:69:69:49:62:68:40:40:62:72:72:11:46	3719	Fall_in_LINE1_copy_18.0	74225816	74225916
chr6	142128973	142128963	142128973	10	8	9	13	12	0	3	48.29	51.44	8	9	13	12	0	3	60:82	5970:6017	5780:6014	87:274	not_transduction	0	0	0	0	13	0	12	Not-3mer-Inversion	two_side_tprt_both	both_end_consistent	hit_end_of_consensus	10	15	11	11	32	74	0	20:21:32:36:52:55:65:68:69:108	5927	Fall_in_LINE1_copy_16.3	142128918	142129018
chr6	157547704	157547704	157547718	14	14	1	14	33	0	1	28.47	45.52	14	1	14	33	0	1	21:61	6012:6012	5694:6017	77:342	not_transduction	0	0	0	0	14	0	33	Not-3mer-Inversion	two_side_tprt_both	one_end_consistent	hit_end_of_consensus	19	1	22	5	66	6	0	14:67:43:44:59:60:39:28:28:23:57:38:25:46:28:25:23:68:92	5940	not_in_LINE1_copy	157547661	157547761
chr6	13502817	13502803	13502817	14	5	6	15	15	5	0	45.315	43.995	5	6	15	15	5	0	5987:6007	28:45	79:285	5658:6003	not_transduction	0	0	0	15	0	15	0	Not-3mer-Inversion	two_side_tprt_both	both_end_consistent	hit_end_of_consensus	9	9	9	10	36	72	8	4:17:25:35:37:44:52:75:75	5924	not_in_LINE1_copy	13502760	13502860
chr6	161760224	161760224	161760236	12	7	6	12	14	7	0	44.78	43.025	7	6	12	14	7	0	6017:6027	2149:2161	2179:2514	5731:6038	not_transduction	0	0	0	12	0	14	0	Not-3mer-Inversion	two_side_tprt_both	one_end_consistent	hit_end_of_consensus	13	8	17	16	35	48	0	35:44:47:62:65:65:67:69:72:72:79:79:81	3859	not_in_LINE1_copy	161760180	161760280
chr6	147874672	147874652	147874672	20	7	14	17	15	7	0	48.19	42.065	7	14	17	15	7	0	6059:6065	3426:3483	3485:3685	5688:6003	not_transduction	0	0	0	17	0	15	0	Not-3mer-Inversion	two_side_tprt_both	both_end_consistent	hit_end_of_consensus	14	6	8	15	38	63	0	16:24:25:32:41:44:44:44:52:54:55:61:63:73	2518	not_in_LINE1_copy	147874612	147874712
chr6	101835883	101835883	101835896	13	10	9	8	24	0	9	51.455	47.315	10	9	8	24	0	9	4946:4983	6017:6019	5831:5994	4990:5198	not_transduction	0	0	0	0	8	0	24	Not-3mer-Inversion	two_side_tprt_both	one_end_consistent	hit_end_of_consensus	16	14	10	16	56	66	0	3:4:4:12:12:15:24:26:31:31:44:54:75:94:104:109	1004	Fall_in_LINE1_copy_27.2	101835839	101835939
chr5	144951431	144951431	144951450	19	24	18	27	40	22	17	43.1	48.2	24	18	27	40	22	17	5145:5205	6044:6052	5651:6026	4781:5188	not_transduction	0	0	0	0	27	40	0	3mer-Inversion	two_side_tprt_both	both_end_consistent	hit_end_of_consensus	25	0	26	24	88	14	0	49:70:19:49:31:45:19:65:16:68:28:10:28:62:62:64:19:39:26:66:56:70:27:61:76	1245	not_in_LINE1_copy	144951390	144951490
chr5	113114005	113114005	113114018	13	6	3	13	14	0	3	35.16	46.595	6	3	13	14	0	3	651:675	6045:6054	5738:6019	703:1041	not_transduction	0	0	0	0	13	0	14	Not-3mer-Inversion	two_side_tprt_both	both_end_consistent	hit_end_of_consensus	10	15	11	4	35	70	0	7:48:30:28:24:46:8:8:38:9	5316	Fall_in_LINE1_copy_27.9	113113961	113114061
chr5	125704352	125704347	125704352	5	7	12	18	18	7	1	58.795	49.12	7	12	18	18	7	1	6076:6092	5232:5282	5283:5541	5787:6025	not_transduction	0	0	0	18	0	18	0	Not-3mer-Inversion	two_side_tprt_both	both_end_consistent	hit_end_of_consensus	12	8	10	14	45	66	0	22:28:29:33:38:40:49:56:60:61:68:72	742	Fall_in_LINE1_copy_23.4	125704299	125704399
chr5	110231841	110231823	110231841	18	8	12	13	17	8	0	39.75	39.235	8	12	13	17	8	0	6036:6048	5114:5126	5134:5322	5637:6035	not_transduction	0	0	0	13	0	17	0	Not-3mer-Inversion	two_side_tprt_both	both_end_consistent	hit_end_of_consensus	13	5	14	16	35	36	0	4:22:30:34:37:56:59:60:60:63:64:67:68	901	Fall_in_LINE1_copy_23.1	110231782	110231882
chr5	33633234	33633234	33633243	9	21	12	22	45	0	10	52.265	59.87	21	12	22	45	0	10	5570:5622	5993:6052	5787:6019	5265:5605	not_transduction	0	0	0	0	22	45	0	3mer-Inversion	two_side_tprt_both	one_end_consistent	hit_end_of_consensus	21	0	28	21	81	6	0	2:4:8:12:19:19:24:24:31:34:34:53:59:60:70:70:10:71:25:50:99	754	not_in_LINE1_copy	33633188	33633288
chr5	110144556	110144556	110144568	12	9	4	17	14	0	1	37.755	48.03	9	4	17	14	0	1	36:71	6016:6025	5768:6040	77:283	not_transduction	0	0	0	0	17	0	14	Not-3mer-Inversion	two_side_tprt_both	both_end_consistent	hit_end_of_consensus	11	19	13	10	36	50	0	37:57:55:4:62:51:72:17:56:9:40	5963	Fall_in_LINE1_copy_26.2	110144512	110144612
chr5	23023280	23023265	23023280	15	4	7	12	16	0	7	39.91	45.52	4	7	12	16	0	7	5688:5718	6019:6019	5827:6038	5480:5719	not_transduction	0	0	0	0	12	16	0	3mer-Inversion	two_side_tprt_both	both_end_consistent	hit_end_of_consensus	8	8	5	11	36	75	0	11:11:13:24:46:61:85:85	558	not_in_LINE1_copy	23023222	23023322
chr5	124819638	124819638	124819656	18	9	7	15	15	2	7	42.515	43.49	9	7	15	15	2	7	1095:1122	6017:6021	5729:6092	1126:1296	not_transduction	0	0	0	0	15	0	15	Not-3mer-Inversion	two_side_tprt_both	both_end_consistent	hit_end_of_consensus	11	11	13	9	37	54	0	21:41:42:13:9:13:53:2:68:16:54	4966	not_in_LINE1_copy	124819597	124819697
chr5	102418103	102418103	102418122	19	4	2	14	12	4	0	46.445	41.995	4	2	14	12	4	0	5999:6009	4506:4506	78:275	5768:6021	not_transduction	0	0	0	14	0	12	0	Not-3mer-Inversion	two_side_tprt_both	one_end_consistent	hit_end_of_consensus	23	11	11	26	41	54	0	2:8:9:12:13:13:20:21:27:30:35:41:44:45:45:53:55:55:56:58:61:65:70	5943	Fall_in_LINE1_copy_26.7	102418062	102418162
chr5	33797438	33797438	33797449	11	15	14	30	30	0	14	43.6	44.7	15	14	30	30	0	14	14:75	6007:6019	5723:6025	75:402	not_transduction	0	0	0	0	30	0	30	Not-3mer-Inversion	two_side_tprt_both	one_end_consistent	hit_end_of_consensus	18	0	17	21	73	14	0	6:7:10:13:13:16:23:24:25:35:37:39:41:43:46:63:64:83	5950	not_in_LINE1_copy	33797393	33797493
chr5	97530702	97530702	97530719	17	12	6	18	14	12	3	42.735	47.155	12	6	18	14	12	3	5996:6015	5556:5588	5052:5564	5745:6012	not_transduction	0	0	0	0	18	14	0	3mer-Inversion	two_side_tprt_both	both_end_consistent	hit_end_of_consensus	16	15	17	10	37	62	0	56:48:8:46:15:54:49:40:37:8:82:82:71:100:6:83	960	not_in_LINE1_copy	97530660	97530760
chr5	90154964	90154951	90154964	13	16	20	51	33	16	0	61.41	36.69	16	20	51	33	16	0	6050:6062	10:73	75:423	5718:6049	not_transduction	0	0	0	51	0	33	0	Not-3mer-Inversion	two_side_tprt_both	both_end_consistent	hit_end_of_consensus	28	0	23	30	100	6	0	2:3:5:5:7:9:10:11:14:14:18:18:22:15:23:26:27:27:32:46:54:54:55:65:66:68:68:74	5974	not_in_LINE1_copy	90154907	90155007
chr5	89054749	89054741	89054749	8	8	10	10	5	0	10	49.805	38.665	8	10	10	5	0	10	5888:5894	6017:6020	5954:6028	5947:5968	not_transduction	0	0	0	0	10	0	5	Not-3mer-Inversion	two_side_tprt_both	one_end_consistent	hit_end_of_consensus	10	12	8	12	34	62	0	4:11:20:25:32:38:42:43:9:99	14	not_in_LINE1_copy	89054695	89054795
chr5	23070169	23070163	23070169	6	8	12	19	14	8	0	54.135	40.05	8	12	19	14	8	0	6059:6074	5090:5148	5151:5438	5697:6001	not_transduction	0	0	0	19	0	14	0	Not-3mer-Inversion	two_side_tprt_both	both_end_consistent	hit_end_of_consensus	15	11	12	17	40	68	0	9:9:12:22:31:36:36:47:50:51:32:66:66:69:70	850	not_in_LINE1_copy	23070116	23070216
chr5	8749402	8749402	8749416	14	8	7	16	7	8	1	45.195	45.68	8	7	16	7	8	1	6054:6064	4536:4578	4291:4530	5712:6011	not_transduction	0	0	0	0	16	7	0	3mer-Inversion	two_side_tprt_both	both_end_consistent	hit_end_of_consensus	8	17	13	11	32	56	0	42:10:14:26:22:33:74:17	1720	not_in_LINE1_copy	8749359	8749459
chr5	106599664	106599664	106599672	8	14	4	11	12	14	0	42.81	41.75	14	4	11	12	14	0	6075:6095	27:54	82:413	5560:6078	not_transduction	0	0	0	11	0	12	0	Not-3mer-Inversion	two_side_tprt_both	one_end_consistent	hit_end_of_consensus	15	14	15	10	34	73	6	27:25:25:13:8:27:86:45:45:30:86:12:78:15:36	5996	not_in_LINE1_copy	106599618	106599718
chr5	158440304	158440304	158440305	1	9	3	11	19	1	3	38.985	50.905	9	3	11	19	1	3	1173:1185	6019:6019	5947:6030	1206:1424	not_transduction	0	0	0	0	11	0	19	Not-3mer-Inversion	two_side_tprt_both	both_end_consistent	hit_end_of_consensus	13	21	15	10	47	65	0	56:54:7:59:9:6:20:12:12:11:29:47:8	4824	Fall_in_LINE1_copy_7.2	158440254	158440354
chr5	39926001	39926001	39926016	15	14	11	34	28	14	0	41.4	34.845	14	11	34	28	14	0	6042:6072	4139:4177	3916:4169	5706:6053	not_transduction	0	0	0	0	34	28	0	3mer-Inversion	two_side_tprt_both	both_end_consistent	hit_end_of_consensus	14	0	16	15	79	0	0	31:18:22:27:81:24:24:12:59:11:81:88:94:20	2137	not_in_LINE1_copy	39925958	39926058
chr5	1645658	1645659	1645658	1	7	9	16	9	7	0	47.91	43.575	7	9	16	9	7	0	6014:6030	5272:5279	5288:5476	5791:6032	not_transduction	0	0	0	16	0	9	0	Not-3mer-Inversion	two_side_tprt_both	both_end_consistent	hit_end_of_consensus	10	6	10	13	40	70	0	7:17:19:29:40:59:63:64:64:66	744	Fall_in_LINE1_copy_4.2	1645608	1645708
chr5	26093046	26093033	26093046	13	14	16	28	11	14	7	52.11	45.395	14	16	28	11	14	7	5988:6018	5198:5219	4943:5185	5811:6001	not_transduction	0	0	0	0	28	11	0	3mer-Inversion	two_side_tprt_both	both_end_consistent	hit_end_of_consensus	20	7	18	21	48	80	4	2:2:13:22:22:23:23:23:30:3:32:34:50:51:51:51:51:60:68:71	1058	not_in_LINE1_copy	26092989	26093089
chr5	137679101	137679085	137679101	16	4	7	17	15	0	5	46.52	48.495	4	7	17	15	0	5	56:63	5974:5997	5639:5995	76:286	not_transduction	0	0	0	0	17	0	15	Not-3mer-Inversion	two_side_tprt_both	both_end_consistent	hit_end_of_consensus	10	6	5	12	34	64	0	16:19:21:16:40:63:63:71:82:91	5919	not_in_LINE1_copy	137679043	137679143
chr4	146304129	146304129	146304144	15	17	10	27	32	17	0	38.33	47.295	17	10	27	32	17	0	5990:6014	18:47	75:320	5747:6012	not_transduction	0	0	0	27	0	32	0	Not-3mer-Inversion	two_side_tprt_both	both_end_consistent	hit_end_of_consensus	21	2	21	13	75	14	6	4:23:12:21:45:13:7:39:26:42:87:4:39:16:12:14:61:35:39:34:39	5937	not_in_LINE1_copy	146304086	146304186
chr4	133675268	133675267	133675268	1	8	10	19	17	8	0	47.03	53.24	8	10	19	17	8	0	5980:5987	5652:5693	5692:5969	5712:6006	not_transduction	0	0	0	19	0	17	0	Not-3mer-Inversion	two_side_tprt_both	one_end_consistent	hit_end_of_consensus	11	21	12	12	45	82	0	52:56:55:14:15:49:4:26:74:73:38	314	not_in_LINE1_copy	133675217	133675317
chr4	18161056	18161056	18161066	10	11	7	9	13	0	5	34.46	46.51	11	7	9	13	0	5	4448:4489	5997:6017	5756:5981	4160:4487	not_transduction	0	0	0	1	8	13	0	3mer-Inversion	two_side_tprt_both	both_end_consistent	hit_end_of_consensus	11	13	14	12	36	40	0	61:42:52:42:62:84:47:47:41:59:21	1821	not_in_LINE1_copy	18161011	18161111
chr4	58051348	58051348	58051363	15	12	9	17	23	1	8	42.55	48.86	12	9	17	23	1	8	4996:5044	6017:6019	5722:5999	5045:5311	not_transduction	0	0	0	0	17	0	23	Not-3mer-Inversion	two_side_tprt_both	one_end_consistent	hit_end_of_consensus	14	7	14	15	54	54	0	3:4:11:11:15:25:25:29:30:52:56:74:81:86	954	not_in_LINE1_copy	58051305	58051405
chr4	126675037	126675054	126675037	17	2	9	17	13	2	0	42.81	40.56	2	9	17	13	2	0	6017:6023	5560:5601	5622:5766	5835:6044	not_transduction	0	0	0	17	0	13	0	Not-3mer-Inversion	two_side_tprt_both	both_end_consistent	hit_end_of_consensus	11	10	5	13	41	56	0	11:14:22:33:38:41:46:46:52:55:58	422	Fall_in_LINE1_copy_7.2	126674995	126675095
chr4	47005768	47005776	47005768	8	21	25	55	29	0	24	50.5	46.275	21	25	55	29	0	24	5628:5688	5999:6032	5707:6025	5690:5812	not_transduction	0	0	0	0	55	0	29	Not-3mer-Inversion	two_side_tprt_both	both_end_consistent	hit_end_of_consensus	41	0	26	43	121	0	0	8:8:11:13:14:18:18:20:22:22:24:25:26:27:28:31:31:34:37:38:42:42:48:51:56:56:57:57:58:70:71:74:83:93:94:94:94:96:96:100:103	105	not_in_LINE1_copy	47005722	47005822
chr4	117411255	117411240	117411255	15	5	8	18	20	0	8	40.925	41.065	5	8	18	20	0	8	5111:5132	6019:6023	5717:6033	4795:5129	not_transduction	0	0	0	0	18	20	0	3mer-Inversion	two_side_tprt_both	both_end_consistent	hit_end_of_consensus	9	7	8	9	46	52	0	3:13:21:29:31:31:31:32:64	1238	not_in_LINE1_copy	117411197	117411297
chr4	102422593	102422593	102422593	0	14	16	23	18	14	0	49.95	47.95	14	16	23	18	14	0	6073:6096	4222:4266	4278:4612	5807:6076	not_transduction	0	0	0	23	0	17	1	Not-3mer-Inversion	two_side_tprt	one_end_consistent	hit_end_of_consensus	16	13	19	17	50	49	0	21:22:33:33:33:38:44:45:52:56:56:57:68:68:68:68	1798	not_in_LINE1_copy	102422543	102422643
chr4	109327161	109327161	109327176	15	10	2	22	11	0	2	44.765	35.885	10	2	22	11	0	2	54:63	6037:6037	5628:6022	82:470	not_transduction	0	0	0	1	21	0	11	Not-3mer-Inversion	two_side_tprt_both	one_end_consistent	hit_end_of_consensus	14	9	16	16	49	48	0	5:8:13:47:50:50:58:58:76:76:82:82:93:93	5940	not_in_LINE1_copy	109327118	109327218
chr4	52762320	52762309	52762320	11	3	6	12	7	3	0	45.38	48.585	3	6	12	7	3	0	6093:6095	5879:5886	5935:6094	5924:6075	not_transduction	0	0	0	12	0	7	0	Not-3mer-Inversion	two_side_tprt_both	one_end_consistent	hit_end_of_consensus	6	10	7	12	47	84	0	8:10:28:28:35:75	140	not_in_LINE1_copy	52762264	52762364
chr4	160769992	160769992	160770004	12	7	7	12	11	0	7	44.54	46.335	7	7	12	11	0	7	32:66	6019:6019	5438:6080	76:316	not_transduction	0	0	0	0	12	0	11	Not-3mer-Inversion	two_side_tprt_both	one_end_consistent	hit_end_of_consensus	10	16	12	10	38	76	0	2:6:24:25:24:23:27:39:41:46	6004	not_in_LINE1_copy	160769948	160770048
chr4	68707020	68707020	68707032	12	10	5	9	17	0	4	37.26	47.5	10	5	9	17	0	4	26:47	5999:6017	5859:6033	77:385	not_transduction	0	0	0	0	9	0	17	Not-3mer-Inversion	two_side_tprt_both	one_end_consistent	hit_end_of_consensus	8	12	14	12	34	78	0	10:23:32:36:37:60:61:74	5956	not_in_LINE1_copy	68706976	68707076
chr4	157986137	157986124	157986137	13	8	12	21	13	0	12	36.47	42.095	8	12	21	13	0	12	14:15	6017:6019	5826:6035	78:350	not_transduction	0	0	0	0	21	0	13	Not-3mer-Inversion	two_side_tprt_both	both_end_consistent	hit_end_of_consensus	12	9	11	13	40	52	0	16:16:16:21:22:26:33:33:67:67:67:67	5957	not_in_LINE1_copy	157986080	157986180
chr4	79847387	79847385	79847387	2	14	21	26	26	14	0	44.35	47.665	14	21	26	26	14	0	6018:6085	5412:5471	5474:5706	5827:6065	not_transduction	0	0	0	26	0	26	0	Not-3mer-Inversion	two_side_tprt_both	both_end_consistent	hit_end_of_consensus	26	2	27	28	76	4	0	25:37:14:78:51:13:64:10:62:51:15:107:94:76:37:51:97:94:94:52:43:54:46:13:24:66	591	not_in_LINE1_copy	79847336	79847436
chr4	57260496	57260496	57260511	15	7	6	17	26	1	6	46.075	45.25	7	6	17	26	1	6	4884:4925	6017:6019	5745:6057	4939:5287	not_transduction	0	0	0	0	17	0	26	Not-3mer-Inversion	two_side_tprt_both	one_end_consistent	hit_end_of_consensus	10	7	9	11	58	62	0	2:4:20:42:71:75:81:89:89:89	1118	Fall_in_LINE1_copy_11.0	57260453	57260553
chr4	137256170	137256170	137256180	10	11	6	22	19	11	0	37.875	43.83	11	6	22	19	11	0	5996:6018	4552:4569	4590:4913	5738:5985	not_transduction	0	0	0	22	0	19	0	Not-3mer-Inversion	two_side_tprt_both	both_end_consistent	hit_end_of_consensus	10	15	12	8	53	44	0	56:18:24:66:29:14:30:15:40:33	1395	not_in_LINE1_copy	137256125	137256225
chr3	6711040	6711040	6711056	16	11	5	11	23	0	2	47.19	45.525	11	5	11	23	0	2	17:70	5996:6017	5757:5977	77:471	not_transduction	0	0	0	0	11	0	23	Not-3mer-Inversion	two_side_tprt_both	both_end_consistent	hit_end_of_consensus	10	10	14	7	42	66	0	67:27:66:49:4:56:32:32:35:37	5900	not_in_LINE1_copy	6710998	6711098
chr3	175960181	175960181	175960196	15	24	22	28	45	0	20	40.145	52.79	24	22	28	45	0	20	5111:5168	5993:6019	5745:6019	5171:5495	not_transduction	0	0	0	0	28	0	45	Not-3mer-Inversion	two_side_tprt_both	one_end_consistent	hit_end_of_consensus	30	0	30	32	92	8	0	2:3:4:7:9:10:11:12:12:14:14:14:16:26:27:27:32:35:36:37:43:43:48:49:29:36:87:88:90:95	848	Fall_in_LINE1_copy_24.5	175960138	175960238
chr3	123871879	123871865	123871879	14	10	21	30	26	10	0	55.36	34.92	10	21	30	26	10	0	6079:6092	11:72	76:396	5629:6043	not_transduction	0	0	0	30	0	26	0	Not-3mer-Inversion	two_side_tprt_both	both_end_consistent	hit_end_of_consensus	26	1	18	31	76	10	0	5:5:10:10:11:15:16:18:19:25:14:29:32:34:34:41:42:43:52:52:63:65:69:69:71:72	5967	Fall_in_LINE1_copy_22.0	123871822	123871922
chr3	84544122	84544122	84544137	15	20	16	45	31	0	15	48.65	47.985	20	16	45	31	0	15	5130:5189	6016:6023	5731:6016	5012:5179	not_transduction	0	0	0	1	44	31	0	3mer-Inversion	two_side_tprt_both	one_end_consistent	hit_end_of_consensus	25	0	22	27	94	8	0	2:15:19:21:30:37:41:50:50:52:53:55:57:66:69:49:83:83:88:88:89:94:94:106:108	1004	Fall_in_LINE1_copy_17.3	84544079	84544179
chr3	110032923	110032909	110032923	14	5	6	9	2	5	0	44.23	50.71	5	6	9	2	5	0	6040:6049	5780:5793	5822:5975	6005:6074	not_transduction	0	0	0	9	0	2	0	Not-3mer-Inversion	two_side_tprt_both	one_end_consistent	hit_end_of_consensus	15	16	20	8	38	58	3	28:6:11:13:76:81:106:67:25:49:21:11:80:99:3	252	not_in_LINE1_copy	110032866	110032966
chr3	193636369	193636369	193636386	17	25	8	25	32	0	3	34.77	51.795	25	8	25	32	0	3	5003:5068	5963:5964	5721:6003	5068:5372	not_transduction	0	0	0	0	25	0	32	Not-3mer-Inversion	two_side_tprt_both	both_end_consistent	hit_end_of_consensus	29	2	30	12	68	8	0	10:45:18:8:75:36:73:36:9:11:54:74:45:20:18:32:47:47:12:72:39:67:50:66:66:3:27:34:69	935	not_in_LINE1_copy	193636327	193636427
chr3	88973180	88973180	88973196	16	13	3	7	21	0	3	34.74	45.555	13	3	7	21	0	3	4268:4289	6019:6019	5758:5923	4114:4309	not_transduction	0	0	0	1	6	21	0	3mer-Inversion	two_side_tprt_both	both_end_consistent	hit_end_of_consensus	16	11	17	7	36	56	0	22:15:13:50:65:50:44:50:22:22:22:6:51:6:63:8	1809	Fall_in_LINE1_copy_24.5	88973138	88973238
chr3	26482955	26482955	26482973	18	14	1	10	19	7	1	43.875	42.265	14	1	10	19	7	1	4704:4740	6053:6053	5852:6014	4770:4956	not_transduction	0	0	0	0	10	0	19	Not-3mer-Inversion	two_side_tprt_both	one_end_consistent	hit_end_of_consensus	14	8	15	15	36	68	0	2:2:4:5:8:11:32:35:41:59:60:73:97:100	1244	not_in_LINE1_copy	26482914	26483014
chr3	90479397	90479387	90479397	10	7	8	17	15	7	0	45.745	60.18	7	8	17	15	7	0	6058:6099	4745:4771	4803:5024	5717:6023	not_transduction	0	0	0	17	0	15	0	Not-3mer-Inversion	two_side_tprt_both	both_end_consistent	hit_end_of_consensus	10	10	34	27	127	53	0	2:3:10:24:27:27:28:31:36:71	1220	not_in_LINE1_copy	90479342	90479442
chr3	83564846	83564841	83564846	5	10	12	24	15	10	0	42.825	49.85	10	12	24	15	10	0	6070:6097	5525:5578	5578:5795	5715:6021	not_transduction	0	0	0	24	0	15	0	Not-3mer-Inversion	two_side_tprt_both	one_end_consistent	hit_end_of_consensus	13	19	15	14	53	56	0	4:70:83:48:54:50:26:50:23:30:40:38:38	443	not_in_LINE1_copy	83564793	83564893
chr3	166374442	166374442	166374446	4	9	6	25	15	9	0	50.35	43.27	9	6	25	15	9	0	6053:6089	4773:4799	4829:5066	5752:6029	not_transduction	0	0	0	25	0	15	0	Not-3mer-Inversion	two_side_tprt_both	both_end_consistent	hit_end_of_consensus	10	7	11	8	45	56	0	37:14:42:31:35:44:92:72:59:32	1200	not_in_LINE1_copy	166374394	166374494
chr3	79167163	79167148	79167163	15	8	11	11	12	8	0	39.105	36.855	8	11	11	12	8	0	5978:6017	26:60	75:244	5621:5982	not_transduction	0	0	0	11	0	12	0	Not-3mer-Inversion	two_side_tprt_both	both_end_consistent	hit_end_of_consensus	12	10	10	12	35	51	0	6:10:26:32:33:37:42:46:46:57:59:60	5907	not_in_LINE1_copy	79167105	79167205
chr3	151430755	151430755	151430767	12	13	10	26	32	0	10	35.255	41.345	13	10	26	32	0	10	27:73	6019:6019	5716:6025	77:366	not_transduction	0	0	0	0	26	0	32	Not-3mer-Inversion	two_side_tprt_both	both_end_consistent	hit_end_of_consensus	16	0	17	16	69	16	0	28:29:46:60:10:48:31:9:46:68:43:35:74:51:51:81	5948	not_in_LINE1_copy	151430711	151430811
chr3	181475041	181475041	181475057	16	8	8	10	13	8	0	43	37.135	8	8	10	13	8	0	6067:6091	2948:2964	2967:3243	5656:6043	not_transduction	0	0	0	10	0	13	0	Not-3mer-Inversion	two_side_tprt_both	one_end_consistent	hit_end_of_consensus	12	15	16	13	30	56	0	45:40:74:33:62:15:26:7:103:19:105:56	3076	Fall_in_LINE1_copy_15.0	181474999	181475099
chr3	186654352	186654336	186654352	16	6	11	13	12	6	0	45.835	36	6	11	13	12	6	0	5998:6017	42:52	75:342	5796:5999	not_transduction	0	0	0	13	0	12	0	Not-3mer-Inversion	two_side_tprt_both	both_end_consistent	hit_end_of_consensus	12	4	6	12	34	56	0	3:11:14:39:40:42:48:48:49:67:71:72	5924	not_in_LINE1_copy	186654294	186654394
chr3	82095718	82095702	82095718	16	3	9	18	16	0	9	50.87	51.83	3	9	18	16	0	9	18:44	6017:6019	5824:6094	76:193	not_transduction	0	0	0	0	18	0	16	Not-3mer-Inversion	two_side_tprt_both	both_end_consistent	hit_end_of_consensus	12	9	8	13	44	78	0	9:19:29:32:48:51:57:69:76:76:76:78	6018	not_in_LINE1_copy	82095660	82095760
chr3	84384241	84384233	84384241	8	7	14	12	16	7	0	44.745	50.345	7	14	12	16	7	0	6073:6099	12:72	694:851	5852:6084	not_transduction	0	0	0	12	0	16	0	Not-3mer-Inversion	two_side_tprt_both	one_end_consistent	hit_end_of_consensus	14	13	9	16	41	71	0	2:10:13:15:18:19:25:25:34:48:54:56:66:75	5390	not_in_LINE1_copy	84384187	84384287
chr3	59867177	59867163	59867177	14	9	11	26	13	9	0	47.015	47.455	9	11	26	13	9	0	5988:6011	5109:5168	5173:5487	5753:6004	not_transduction	0	0	0	26	0	13	0	Not-3mer-Inversion	two_side_tprt_both	both_end_consistent	hit_end_of_consensus	12	8	11	12	45	64	0	4:11:22:26:29:39:53:55:56:58:69:70	831	not_in_LINE1_copy	59867120	59867220
chr3	153373294	153373294	153373308	14	5	5	9	10	5	0	46.635	39.47	5	5	9	10	5	0	6092:6098	5698:5709	5449:5953	5912:6080	not_transduction	0	0	0	2	7	10	0	3mer-Inversion	two_side_tprt_both	one_end_consistent	hit_end_of_consensus	7	8	8	7	27	60	0	6:6:11:37:62:67:73	631	not_in_LINE1_copy	153373251	153373351
chr3	174199422	174199422	174199438	16	7	5	11	15	0	5	42.49	41.455	7	5	11	15	0	5	5878:5902	6008:6035	5586:6042	5591:5893	not_transduction	0	0	0	5	6	15	0	3mer-Inversion	two_side_tprt_both	both_end_consistent	hit_end_of_consensus	10	10	10	9	40	55	0	48:6:12:49:2:92:92:39:89:12	307	not_in_LINE1_copy	174199380	174199480
chr2	148957984	148957970	148957984	14	9	10	15	10	0	10	35.565	33.205	9	10	15	10	0	10	21:71	6044:6048	5688:6057	76:238	not_transduction	0	0	0	0	15	0	10	Not-3mer-Inversion	two_side_tprt_both	one_end_consistent	hit_end_of_consensus	11	8	12	12	34	40	0	20:68:3:52:67:44:48:70:70:30:18	5981	Fall_in_LINE1_copy_22.6	148957927	148958027
chr2	82961215	82961200	82961215	15	7	8	13	12	7	0	37.27	31.49	7	8	13	12	7	0	6041:6057	2373:2384	2024:2383	5727:6034	not_transduction	0	0	0	0	13	12	0	3mer-Inversion	two_side_tprt_both	one_end_consistent	hit_end_of_consensus	10	10	12	10	36	30	0	17:23:12:64:45:7:70:7:80:41	4010	not_in_LINE1_copy	82961157	82961257
chr2	102295990	102295972	102295990	18	3	6	12	0	3	0	41.045	43.08	3	6	12	0	3	0	6017:6017	36:38	78:471	-1:-1	not_transduction	0	0	0	12	0	0	0	Not-3mer-Inversion	one_half_side_tprt_both	one_end_consistent	hit_end_of_consensus	8	9	9	10	38	65	0	3:9:33:33:35:57:69:70	6042	not_in_LINE1_copy	102295931	102296031
chr2	141095338	141095338	141095353	15	11	5	2	11	0	4	44.635	42.64	11	5	2	11	0	4	5827:5861	6017:6017	5928:6019	5944:6009	not_transduction	0	0	0	0	2	0	11	Not-3mer-Inversion	two_side_tprt_both	one_end_consistent	hit_end_of_consensus	21	4	15	23	55	46	0	2:3:5:8:8:9:16:20:27:50:63:65:70:78:78:65:89:96:99:103:114	81	not_in_LINE1_copy	141095295	141095395
chr2	36343099	36343099	36343116	17	7	3	17	12	0	3	48.43	48.98	7	3	17	12	0	3	48:64	6019:6019	5720:6023	95:275	not_transduction	0	0	0	0	17	0	12	Not-3mer-Inversion	two_side_tprt_both	both_end_consistent	hit_end_of_consensus	10	17	12	9	50	70	1	61:69:25:77:66:16:29:66:71:77	5928	not_in_LINE1_copy	36343057	36343157
chr2	146263356	146263356	146263358	2	16	8	20	21	16	0	48.105	39.8	16	8	20	21	16	0	6051:6096	4604:4619	4639:4827	5743:6081	not_transduction	0	0	0	20	0	21	0	Not-3mer-Inversion	two_side_tprt_both	both_end_consistent	hit_end_of_consensus	18	12	20	10	47	52	19	68:32:33:18:63:55:55:39:20:20:56:40:9:9:92:35:24:9	1442	not_in_LINE1_copy	146263307	146263407
chr2	22968127	22968127	22968144	17	8	6	11	16	0	6	47.685	50.065	8	6	11	16	0	6	22:75	6044:6066	5831:6033	77:313	not_transduction	0	0	0	0	11	0	16	Not-3mer-Inversion	two_side_tprt_both	both_end_consistent	hit_end_of_consensus	9	22	12	11	33	79	0	50:34:21:20:65:45:73:55:5	5956	not_in_LINE1_copy	22968085	22968185
chr2	177811517	177811517	177811533	16	13	13	22	11	0	7	48.725	41.62	13	13	22	11	0	7	5847:5882	5985:6017	5912:5984	5953:6018	not_transduction	0	0	0	0	22	0	11	Not-3mer-Inversion	two_side_tprt_both	one_end_consistent	hit_end_of_consensus	19	0	18	19	66	6	0	6:7:9:10:10:13:21:21:22:28:35:39:46:47:48:51:53:62:109	106	not_in_LINE1_copy	177811475	177811575
chr2	234611166	234611149	234611166	17	5	19	26	17	5	0	47.375	38.685	5	19	26	17	5	0	6093:6099	4977:5034	5036:5256	5757:6031	not_transduction	0	0	0	26	0	17	0	Not-3mer-Inversion	two_side_tprt_both	both_end_consistent	hit_end_of_consensus	20	7	11	23	52	54	0	5:16:17:18:21:22:28:28:29:31:31:26:44:56:65:68:68:68:73:73	995	Fall_in_LINE1_copy_19.1	234611107	234611207
chr2	167879010	167879010	167879017	7	10	5	17	9	0	5	36.68	42.275	10	5	17	9	0	5	5527:5562	6019:6019	5671:6038	5564:5688	not_transduction	0	0	0	0	17	0	9	Not-3mer-Inversion	two_side_tprt_both	both_end_consistent	hit_end_of_consensus	12	15	17	12	47	48	0	61:48:53:51:52:71:42:36:13:29:8:17	17	not_in_LINE1_copy	167878963	167879063
chr2	143854395	143854387	143854395	8	8	12	20	11	8	0	49.3	39.295	8	12	20	11	8	0	6015:6018	5445:5472	5481:5750	5758:6013	not_transduction	0	0	0	20	0	11	0	Not-3mer-Inversion	two_side_tprt_both	both_end_consistent	hit_end_of_consensus	14	12	11	19	44	68	0	4:6:13:17:19:20:24:47:50:50:58:63:63:74	532	not_in_LINE1_copy	143854341	143854441
chr2	6658145	6658145	6658156	11	8	6	10	17	2	6	44.88	46.715	8	6	10	17	2	6	3916:3957	6005:6019	5780:6024	3965:4265	not_transduction	0	0	0	0	10	0	17	Not-3mer-Inversion	two_side_tprt_both	one_end_consistent	hit_end_of_consensus	14	10	14	14	41	55	0	14:14:22:27:41:44:67:60:69:74:74:69:98:98	2059	not_in_LINE1_copy	6658100	6658200
chr2	136668562	136668562	136668569	7	10	7	12	15	0	7	32.27	39.82	10	7	12	15	0	7	5677:5723	6016:6040	5806:6053	5389:5696	not_transduction	0	0	0	0	12	15	0	3mer-Inversion	two_side_tprt_both	both_end_consistent	hit_end_of_consensus	14	7	14	8	35	42	0	25:62:8:7:56:35:61:55:45:4:49:38:16:5	664	not_in_LINE1_copy	136668515	136668615
chr2	220374248	220374235	220374248	13	6	10	11	19	0	10	42.63	33.565	6	10	11	19	0	10	10:25	6019:6039	5775:5992	75:414	not_transduction	0	0	0	0	11	0	19	Not-3mer-Inversion	two_side_tprt_both	both_end_consistent	hit_end_of_consensus	11	6	7	11	38	44	0	4:10:14:14:21:25:41:42:44:62:62	5917	not_in_LINE1_copy	220374191	220374291
chr2	41686511	41686511	41686521	10	5	5	1	16	0	5	37.575	38.57	5	5	1	16	0	5	62:65	6019:6031	-1:-1	76:252	not_transduction	0	0	0	0	1	0	16	Not-3mer-Inversion	one_half_side_tprt_both	one_end_consistent	hit_end_of_consensus	7	0	9	11	44	38	0	3:4:23:27:40:50:60	6044	not_in_LINE1_copy	41686466	41686566
chr1	192293123	192293123	192293138	15	24	14	26	39	1	14	44.005	57.54	24	14	26	39	1	14	5496:5555	6014:6029	5722:6054	5558:5970	not_transduction	0	0	0	0	26	1	38	Not-3mer-Inversion	two_side_tprt_both	both_end_consistent	hit_end_of_consensus	29	0	37	38	88	8	0	9:44:45:45:60:32:9:6:67:51:58:51:7:65:11:57:47:62:16:40:70:70:60:57:13:19:50:50:50	248	Fall_in_LINE1_copy_12.4	192293080	192293180
chr1	194965513	194965511	194965513	2	5	6	24	19	0	6	48.95	47.045	5	6	24	19	0	6	5287:5306	6054:6060	5692:6079	5054:5329	not_transduction	0	0	0	0	24	19	0	3mer-Inversion	two_side_tprt_both	one_end_consistent	hit_end_of_consensus	9	10	10	11	51	64	0	7:9:15:22:24:30:45:58:71	1025	not_in_LINE1_copy	194965462	194965562
chr1	55939713	55939713	55939725	12	11	11	12	13	0	6	42.91	43.57	11	11	12	13	0	6	4498:4523	5966:5983	5677:5990	4162:4500	not_transduction	0	0	0	0	12	13	0	3mer-Inversion	two_side_tprt_both	one_end_consistent	hit_end_of_consensus	16	9	15	17	34	50	8	4:7:9:9:11:30:32:29:55:57:63:66:76:76:77:79	1828	not_in_LINE1_copy	55939669	55939769
chr1	120063777	120063769	120063777	8	1	6	16	0	0	6	41.07	54.63	1	6	16	0	0	6	13:13	6019:6021	5893:6094	-1:-1	not_transduction	0	0	0	0	16	0	0	3mer-Inversion	one_half_side_tprt_both	one_end_consistent	hit_end_of_consensus	8	9	11	9	42	64	0	6:8:10:11:16:22:47:58	227	not_in_LINE1_copy	120063723	120063823
chr1	242148259	242148259	242148275	16	10	10	15	14	10	0	46.54	44.44	10	10	15	14	10	0	6070:6094	11:64	75:344	5719:5980	not_transduction	0	0	0	15	0	14	0	Not-3mer-Inversion	two_side_tprt_both	both_end_consistent	hit_end_of_consensus	13	10	14	16	45	44	0	26:10:38:17:9:68:38:38:47:47:5:10:72	5905	Fall_in_LINE1_copy_23.9	242148217	242148317
chr1	74727205	74727205	74727223	18	9	7	13	12	1	5	36.88	43.295	9	7	13	12	1	5	2385:2417	5987:5992	5700:6027	2421:2602	not_transduction	0	0	0	0	13	0	12	Not-3mer-Inversion	two_side_tprt_both	both_end_consistent	hit_end_of_consensus	14	14	14	12	36	58	0	60:3:8:51:51:16:37:20:2:2:17:69:19:37	3606	not_in_LINE1_copy	74727164	74727264
chr1	169555633	169555633	169555621	12	14	11	26	17	14	0	47.475	43.375	14	11	26	17	14	0	5994:6028	5428:5485	5487:5688	5542:5937	not_transduction	0	0	0	26	0	17	0	Not-3mer-Inversion	two_side_tprt_both	both_end_consistent	hit_end_of_consensus	17	16	21	14	55	64	0	32:7:33:64:47:36:23:36:18:88:95:54:54:91:91:21:26	450	not_in_LINE1_copy	169555577	169555677
chr1	33835688	33835688	33835725	37	4	1	4	11	4	1	21.35	41.93	4	1	4	11	4	1	6017:6018	5187:5187	5748:5835	5668:5959	not_transduction	0	0	0	4	0	11	0	Not-3mer-Inversion	two_side_tprt_both	one_end_consistent	hit_end_of_consensus	8	0	17	7	22	45	14	31:72:75:80:31:22:43:89	211	Fall_in_LINE1_copy_3.9	33835656	33835756
chr1	65778769	65778769	65778756	13	7	2	0	10	12	2	29.97	39.49	7	2	0	10	12	2	6066:6096	3140:3140	-1:-1	5666:5902	not_transduction	0	0	0	0	0	10	0	Not-3mer-Inversion	one_half_side_tprt_both	one_end_consistent	hit_end_of_consensus	10	2	24	16	26	46	0	97:47:25:64:19:44:9:42:78:78	454	Fall_in_LINE1_copy_16.4	65778712	65778812
chr1	102103367	102103352	102103367	15	6	14	22	8	6	0	43.405	37.95	6	14	22	8	6	0	5989:6010	22:65	78:284	5807:5903	not_transduction	0	0	0	22	0	8	0	Not-3mer-Inversion	two_side_tprt_both	both_end_consistent	hit_end_of_consensus	15	8	11	16	34	44	0	16:24:26:29:29:30:30:37:44:45:50:50:50:57:67	5825	not_in_LINE1_copy	102103309	102103409
chr1	63186189	63186181	63186189	8	11	16	20	10	11	0	50.53	34.435	11	16	20	10	11	0	5980:6018	5511:5573	5570:5799	5712:6024	not_transduction	0	0	0	20	0	10	0	Not-3mer-Inversion	two_side_tprt_both	both_end_consistent	hit_end_of_consensus	16	10	12	16	60	42	3	12:25:31:38:38:47:53:54:59:59:59:60:64:66:68:74	454	not_in_LINE1_copy	63186135	63186235
chr1	164270323	164270313	164270323	10	12	15	24	19	12	14	51.225	50.37	12	15	24	19	12	14	6009:6018	5290:5322	5327:5564	5678:6020	not_transduction	0	0	0	24	0	19	0	Not-3mer-Inversion	two_side_tprt_both	one_end_consistent	hit_end_of_consensus	16	14	16	16	51	70	0	37:25:18:64:28:26:19:26:19:54:39:46:17:32:75:75	693	not_in_LINE1_copy	164270268	164270368
chr1	152471408	152471408	152471419	11	4	1	19	3	0	1	45.625	47.975	4	1	19	3	0	1	10:20	5974:5974	5434:6042	75:75	not_transduction	0	0	0	0	19	0	3	Not-3mer-Inversion	two_side_tprt_both	one_end_consistent	hit_end_of_consensus	13	0	16	18	40	80	0	8:18:20:24:36:42:42:51:52:54:87:87:95	5967	not_in_LINE1_copy	152471363	152471463
chr9	115321601	115321587	115321601	14	18	25	36	31	0	25	56.305	52.085	18	25	36	31	0	25	5103:5163	6006:6077	5671:6074	5032:5269	not_transduction	0	0	0	2	34	18	13	3mer-Inversion	two_side_tprt_both	both_end_consistent	hit_end_of_consensus	37	0	28	46	84	6	21	2:8:9:12:13:19:23:23:26:27:28:31:31:34:16:45:52:52:56:58:59:60:58:63:64:69:70:70:74:81:81:79:79:79:79:76:105	1042	Fall_in_LINE1_copy_22.0	115321544	115321644
chr9	30495885	30495885	30495889	4	11	9	16	20	0	5	44.585	48.81	11	9	16	20	0	5	4800:4820	5989:6020	5625:6013	4865:5104	not_transduction	0	0	0	0	16	0	20	Not-3mer-Inversion	two_side_tprt_both	one_end_consistent	hit_end_of_consensus	14	5	15	16	42	49	0	2:6:16:16:33:58:58:58:59:60:60:56:78:78	1148	Fall_in_LINE1_copy_19.9	30495837	30495937
chr9	32463896	32463896	32463889	7	18	7	16	25	0	6	28.395	38.465	18	7	16	25	0	6	5873:5933	6017:6017	5936:5989	5935:6001	not_transduction	0	0	0	0	16	0	25	Not-3mer-Inversion	two_side_tprt_both	both_end_consistent	hit_end_of_consensus	18	0	20	13	53	2	0	36:10:40:30:13:47:58:29:21:31:29:70:38:24:13:20:64:31	65	not_in_LINE1_copy	32463842	32463942
chr9	30674470	30674451	30674470	19	8	9	20	17	0	5	46.44	42.79	8	9	20	17	0	5	5564:5626	5990:5994	5717:6018	5260:5611	not_transduction	0	0	0	2	18	17	0	3mer-Inversion	two_side_tprt_both	both_end_consistent	hit_end_of_consensus	14	7	12	15	41	56	0	11:19:21:23:23:23:46:46:48:49:49:63:69:87	758	not_in_LINE1_copy	30674410	30674510
chr9	35883710	35883710	-1	-1	19	0	2	36	19	0	36.615	95.185	19	0	2	36	19	0	5967:6017	-1:-1	5792:5792	5622:6017	not_transduction	0	0	0	2	0	36	0	Not-3mer-Inversion	one_half_side_tprt	one_end_consistent	hit_end_of_consensus	26	13	29	0	65	96	19	6:2:27:59:4:62:54:8:52:59:50:38:54:26:29:25:21:9:9:48:48:40:11:64:16:16	225	Fall_in_LINE1_copy_30.1	35883660	35883760
chr9	41047841	41047841	41047840	1	4	4	13	5	3	4	79.42	67.81	4	4	13	5	3	4	5266:5278	6008:6017	5808:5978	5328:5385	not_transduction	0	0	0	0	13	0	5	Not-3mer-Inversion	two_side_tprt_both	one_end_consistent	hit_end_of_consensus	20	18	14	20	55	98	0	6:7:7:15:15:16:19:21:24:27:28:30:31:37:40:42:43:50:50:55	650	not_in_LINE1_copy	41047790	41047890
chr9	102311387	102311371	102311387	16	6	7	20	7	6	1	43.58	37.66	6	7	20	7	6	1	6034:6063	3236:3281	2988:3250	5769:6042	not_transduction	0	0	0	0	20	7	0	3mer-Inversion	two_side_tprt_both	one_end_consistent	hit_end_of_consensus	9	9	9	10	32	48	0	24:42:50:28:67:22:96:93:50	3054	not_in_LINE1_copy	102311329	102311429
chr9	29260362	29260375	29260362	13	4	13	18	12	4	0	43.28	28.13	4	13	18	12	4	0	5965:5965	2535:2587	2589:2942	5850:6008	not_transduction	0	0	0	18	0	12	0	Not-3mer-Inversion	two_side_tprt_both	both_end_consistent	hit_end_of_consensus	13	4	9	14	32	32	0	19:21:25:31:34:41:41:50:50:55:67:68:71	3419	not_in_LINE1_copy	29260318	29260418
chr9	6290494	6290488	6290494	6	14	18	17	39	14	0	28.265	50.06	14	18	17	39	14	0	6017:6040	5367:5408	5325:5677	5716:5999	not_transduction	0	0	0	16	1	39	0	Not-3mer-Inversion	two_side_tprt_both	both_end_consistent	hit_end_of_consensus	21	0	32	22	81	4	0	6:7:12:16:17:19:30:30:35:38:42:52:55:55:62:62:62:63:70:75:80	674	not_in_LINE1_copy	6290441	6290541
chr9	9236608	9236599	9236608	9	7	8	26	13	7	0	40.95	43.57	7	8	26	13	7	0	6071:6075	4140:4178	3884:4170	5817:6011	not_transduction	0	0	0	0	26	13	0	3mer-Inversion	two_side_tprt_both	one_end_consistent	hit_end_of_consensus	7	20	7	9	45	64	0	15:10:21:18:19:21:13	2127	not_in_LINE1_copy	9236553	9236653
chr8	66469649	66469649	66469648	1	19	19	26	21	0	14	57.38	47.87	19	19	26	21	0	14	5832:5894	6016:6018	5896:6014	5935:6022	not_transduction	0	0	0	0	26	0	21	Not-3mer-Inversion	two_side_tprt_both	one_end_consistent	hit_end_of_consensus	31	0	21	32	78	4	12	3:3:5:10:3:12:15:18:19:20:22:23:24:25:26:30:35:37:38:41:41:44:62:63:64:70:81:81:81:83:85	126	not_in_LINE1_copy	66469598	66469698
chr8	84516378	84516378	84516387	9	13	5	11	20	13	0	42.205	43.725	13	5	11	20	13	0	6046:6081	12:40	86:382	5771:6055	not_transduction	0	0	0	11	0	20	0	Not-3mer-Inversion	two_side_tprt_both	one_end_consistent	hit_end_of_consensus	13	18	16	11	43	57	0	8:58:44:44:39:68:68:46:74:80:10:4:19	5969	not_in_LINE1_copy	84516332	84516432
chr8	114869552	114869540	114869552	12	8	19	15	12	8	0	48.875	33.44	8	19	15	12	8	0	6084:6095	5777:5830	5829:5986	5829:6066	not_transduction	0	0	0	15	0	12	0	Not-3mer-Inversion	two_side_tprt_both	both_end_consistent	hit_end_of_consensus	20	7	8	22	48	54	0	3:20:27:30:30:30:30:39:40:43:56:56:61:66:68:68:68:70:72:73	237	not_in_LINE1_copy	114869496	114869596
chr8	5971765	5971765	5971760	5	25	13	26	31	0	7	42.83	44.035	25	13	26	31	0	7	5434:5494	5968:6018	5521:6005	5497:5669	not_transduction	0	0	0	0	26	0	31	Not-3mer-Inversion	two_side_tprt_both	both_end_consistent	hit_end_of_consensus	26	1	26	19	77	2	5	41:16:14:65:22:63:16:19:52:31:21:24:37:27:45:71:51:51:32:27:27:70:35:11:55:5	148	not_in_LINE1_copy	5971712	5971812
chr8	130028989	130028972	130028989	17	14	23	39	29	14	21	47.055	35.22	14	23	39	29	14	21	5977:6004	4544:4602	4600:4833	5510:6094	not_transduction	0	0	0	39	0	29	0	Not-3mer-Inversion	two_side_tprt_both	both_end_consistent	hit_end_of_consensus	26	0	25	27	85	10	0	2:7:11:12:12:13:17:21:22:24:29:33:38:42:44:46:51:51:51:53:54:65:65:67:69:64	1494	not_in_LINE1_copy	130028930	130029030
chr8	118709449	118709449	118709464	15	7	6	9	9	0	4	34.74	36.61	7	6	9	9	0	4	5568:5607	6019:6019	5824:6033	5216:5588	not_transduction	0	0	0	0	9	9	0	3mer-Inversion	two_side_tprt_both	one_end_consistent	hit_end_of_consensus	9	8	9	11	36	52	0	7:7:25:27:28:75:80:80:86	817	not_in_LINE1_copy	118709406	118709506
chr8	86302814	86302814	86302811	3	7	3	10	6	7	0	38.055	40.355	7	3	10	6	7	0	6034:6054	5939:5939	6000:6003	6000:6020	not_transduction	0	0	0	9	1	6	0	Not-3mer-Inversion	two_side_tprt_both	both_end_consistent	hit_end_of_consensus	9	17	9	5	28	70	0	5:10:11:26:38:82:86:5:14	20	not_in_LINE1_copy	86302762	86302862
chr8	110620392	110620386	110620392	6	10	20	31	3	10	0	44.44	36.755	10	20	31	3	10	0	6026:6031	5641:5701	5702:5951	6008:6034	not_transduction	0	0	0	31	0	3	0	Not-3mer-Inversion	two_side_tprt_both	both_end_consistent	hit_end_of_consensus	21	0	17	23	72	12	7	14:16:17:30:31:35:39:39:40:49:49:53:53:49:57:58:59:59:62:73:74	332	Fall_in_LINE1_copy_21.4	110620339	110620439
